1330967354191904841
1400907546931495083
1393592145851715664
1000006687169712221
1397821279788073071
1372682963581538434
1370860081532637284
1122124225239584800
1406784158638014641
1400378801090855024
1394604559141437452
1406683942676992140
1347652763492024373
1390479282853122149
1370974435464446012
1174476677015945328
1322603461975605360
1356723449808027841
1254904898722463886
1325522755789000724
1316878602054139914
1070820774824378480
1368692560855564349
1387202863788458114
1239353521913073734
1384857103201468446
1233872919487320136
1386006500085989518
1197561481303162971
1182766662777319517
1293708813647740968
1380386202468880426
402708937192767500
1165851157588082720
1308632440360931453
1270579383282958397
845439302958579722
899786025797320725
1243310226359451714
1331029495670640720
1102791688952492052
1367976698477547622
1395737390278115400
1388771407537635471
876909790188666900
911767849574473810
1163624329653784606
784620322274934835
1380180863811326083
1380178044622475304
1404055905695170610
1406286481156341810
1393753932202774579
648973615324200982
675078249495134239
1287464828184825961
1300229183116673078
1345831628542316652
397087176090845184
1402588380834959380
1406510868405162025
1367051227078332538
1321600671790792788
1227351327911313470
1129295464433467432
1374535042256207874
1377644552583643146
1363948180248727725
1162166093247414363
1386523582557065256
1280294286033948673
1385820456166101073
1388962750604251197
999137722516115486
1403798747812724737
1343852924220084255
1390400409503399966
1390953809248915498
1196683952933580874
1395120574878978310
1103863794570104852
1340630747459096667
963852529249189998
1370442171169112149
971139067536343050
633473353340026885
1022955933124538419
978414954770223115
1289742251328798801
1389353550475432197
1402270981350756423
1394325398984327304
1397301617690153030
1379701901351981110
1371938969415057418
1201558930170593280
1405654107758268480
1385030189712543884
1337984664887103488
1406742494925819944
1297591939205566508
1395227343320125611
710606396487499846
1352137163923521536
1352416716831068190
1396509619601408143
1383197726619209859
1379616759618863195
1368065624953327696
1403079927607328839
1379997888880312400
1384662225028907149
1321783852825317388
1405425845245313185
1369467924355616799
1130002962501091328
1189840857843650642
997966558267719861
1359225101966508072
999593982034182184
1324916617171173386
1355599951341682918
1371676843111092315
1347239220342947860
1340794631784366153
1284688916649087099
1367847845922603179
1396035068144783481
949802119907663923
1403143578917539911
1373433049269932144
1176204493403197553
1099513973872803991
1391315475023265854
1399942604837093407
1400824619480645683
1358291744659210390
1183138278334005318
1128420612445061291
1360059083930992721
961787112968052756
1173753637034528838
1138969002438295624
1246945796503633970
1053976002876944424
1317201699525361778
1364761941939195934
1309136915366285312
1388765168774807653
876192900294275222
552201671241891895
831299034583924786
1359646793008414982
1403775444389593108
1355772357230198866
1183567664174612570
1370564417833668730
965953948982849536
867494363775762444